<<<<<<< HEAD
dropout_prob: 0.03792649830115852
hidden_size: 736
learning_rate: 0.000661086036734824
weight_decay: 0.00024792439171311654
=======
dropout_prob: 0.016795966811081753
hidden_size: 157
learning_rate: 0.0007294707324664543
weight_decay: 0.0007836414960928474
>>>>>>> 99c016582b1f1ed835b902799a93839492495ff1
