batch_size: 2048
dropout_prob: 0.0
hidden_size: 372
learning_rate: 0.0007886266525158085
weight_decay: 0.0006719265278524666
