dropout_prob: 0.09872818270216871
hidden_size: 1012
learning_rate: 0.0009631124670694075
weight_decay: 1.588452896015045e-05
