batch_size: 1015
hidden_size: 437
learning_rate: 0.00023501075220155412
weight_decay: 0.00018147581802962503
