batch_size: 1972
dropout_prob: 0.0
hidden_size: 72
learning_rate: 0.0009305066211039248
weight_decay: 7.952398914304197e-05
