dropout_prob: 0.00676967149325796
hidden_size: 853
learning_rate: 0.0007056266289344042
weight_decay: 0.00022317192087922442
