dropout_prob: 0.03792649830115852
hidden_size: 736
learning_rate: 0.000661086036734824
weight_decay: 0.00024792439171311654
