batch_size: 872
dropout_prob: 0.0
hidden_size: 196
learning_rate: 0.00013857780730255453
weight_decay: 0.0003566031969233466
