batch_size: 830
dropout_prob: 0.0
hidden_size: 227
learning_rate: 0.000889228414695067
weight_decay: 0.0008464509968526605
