dropout_prob: 0.0041368814369907025
hidden_size: 654
learning_rate: 0.0005018252716236861
weight_decay: 9.920783949397913e-05
