dropout_prob: 0.16732535116151664
hidden_size: 466
learning_rate: 0.00028365497644214686
weight_decay: 0.0009511551713203331
