batch_size: 757
dropout_prob: 0.15621635768440578
hidden_size: 801
learning_rate: 0.0005025075886297556
weight_decay: 0.00016393951059701843
