dropout_prob: 0.10129549304419294
hidden_size: 938
learning_rate: 0.0005222180461786941
weight_decay: 0.00036085503069234774
