dropout_prob: 0.016795966811081753
hidden_size: 157
learning_rate: 0.0007294707324664543
weight_decay: 0.0007836414960928474
