hidden_size: 311
learning_rate: 4.2539340396052e-05
weight_decay: 0.0007518754270216576
dropout_prob: 0.0
