dropout_prob: 0.1083873997786503
hidden_size: 905
learning_rate: 0.0005151440266729871
weight_decay: 0.0005069133072938629
